00000000000000000011111111001111
00000000000000000111000110111111
00000000000000001011101101010000
00000000000000000110011011011001
00000000000000001111000010011011
00000000000000001011100010011001
00000000000000000001110001101110
00000000000000000100111000000000
00000000000000001111100010111001
00000000000000001010101110111100
00000000000000000011011000011011
00000000000000000100111010010111
00000000000000001100010011010011
00000000000000000001111111010000
00000000000000000000010111001100
00000000000000000011001101101110